.Random.seed <-
c(403L, 320L, -1230009110L, 431262405L, 2032313265L, 1863764510L, 
1922958895L, 67113900L, 401048609L, -1856368661L, 68341164L, 
-1799967352L, 402977526L, -2026753406L, 723938917L, 396438333L, 
-1327558429L, -1030356184L, 2028954817L, 2069428217L, -683571245L, 
338107839L, 1213846436L, 1488152320L, 1584235629L, -2142796305L, 
2067015860L, 1105193303L, 1690081685L, 1652639460L, 28591289L, 
1015528570L, -1046779873L, -641806917L, 1149337608L, -2001501549L, 
679731556L, -600075667L, -1274226052L, -1544437860L, -583994953L, 
-1034674872L, 458999590L, -1136118418L, 1314368222L, -815681840L, 
-1967910820L, -233874317L, -544602711L, -1630728153L, 51304586L, 
-1228036032L, -2143860497L, -97402855L, -694780942L, 60994347L, 
1608090185L, 1487627408L, 2084665764L, -1474646494L, 707144979L, 
2066484382L, 2060802325L, -209523382L, 1571320445L, -851604253L, 
820963176L, -574475651L, 171865044L, 140246998L, 39845870L, -1195662811L, 
-200674217L, 1764273965L, -1489366072L, 1416487392L, 1138564896L, 
529893323L, -79639223L, 150576541L, 25119368L, -2033796177L, 
-1231109411L, -1573103030L, 1624534424L, 15031328L, 360364678L, 
-5579971L, 1808535830L, 1844631870L, 936784617L, 1002536916L, 
751980326L, -1464816568L, -1428960682L, -375373491L, -2058271721L, 
1547287298L, -744197988L, -164083402L, -541158857L, 445436522L, 
1340302626L, -1958464140L, -356467582L, 1565642873L, -2056652082L, 
-709848174L, -107547977L, 1126113053L, -1596802898L, -914315626L, 
-130814231L, -1535963976L, 1808057564L, 1131190838L, 1685963829L, 
197827412L, 1836466330L, -1972057383L, 2076530823L, -311685385L, 
-820583595L, -703911134L, -1875602004L, 1446376061L, -1592073926L, 
256229178L, -617962337L, 99358700L, 1280769841L, -2054519370L, 
-848639125L, 59860346L, 528753537L, -1734490562L, 1698012606L, 
963701948L, -160577494L, 1437036077L, -579673783L, -151034977L, 
1951755315L, -1619268709L, 422649546L, -1572583488L, 690364587L, 
1683324220L, 1406860080L, 35613789L, -1208193914L, 1713942892L, 
1814652162L, -2037773377L, -1433100999L, -765944305L, 1051813260L, 
362643322L, 740259174L, 1493241923L, 33408407L, -474272617L, 
253599095L, -1229562945L, 1233391706L, -482041723L, 1704976802L, 
298465657L, -1336795833L, 1221348175L, 350170181L, -645352741L, 
143077450L, -1261291106L, -88566985L, 683482368L, 1434912704L, 
21682325L, -903139502L, 1683035305L, 1743649222L, -648798541L, 
-212059326L, 551242381L, 76712139L, -1824452450L, 636584540L, 
1938696267L, -1430497855L, 730875016L, 1037155406L, 1285315302L, 
-414654381L, -1502187177L, -1998693071L, -1327003448L, -100343884L, 
351581942L, 1521561075L, 1004872772L, -2025745030L, 1201969129L, 
1378723468L, 769324937L, -1110901747L, -1226440412L, 1463891957L, 
761473315L, 1582720515L, -731830935L, -259816289L, -622621700L, 
-177146348L, -1285544005L, 1662351651L, -1514275357L, -1023159317L, 
-1133173514L, -1665552152L, -2006481960L, -844500338L, 2013455598L, 
-2077082971L, 686086260L, 1736580948L, -1142690354L, 1983425943L, 
-1626748687L, 1646768828L, 534922295L, -1896196120L, 466508852L, 
-1967167439L, -1681694402L, 957721933L, 1297466819L, -1508050644L, 
-440406093L, -950538903L, 1270693395L, -892165341L, -700637519L, 
-805123026L, 2065670722L, 276520222L, -1276658622L, 1410355763L, 
-940090921L, 456745339L, 1752416328L, 2088631810L, -2090083767L, 
-1973757945L, -1126204801L, -1824833930L, -1566656000L, -1393883964L, 
1524953239L, 1872287653L, 941606190L, 1405233832L, -178234632L, 
-1035528465L, 383057722L, 1379219154L, 1170799759L, 2098674442L, 
905655850L, 1015477543L, -1719249677L, -497384669L, 477938523L, 
1221096538L, -1738878907L, -1835325645L, -630577076L, 371699125L, 
1143419399L, 658334135L, 654997017L, -904675081L, 1683637575L, 
2144875570L, 2073548601L, -378569621L, 2061771339L, -482880970L, 
1363316646L, -1403734088L, 191763310L, -859263775L, 380400761L, 
1266646003L, 1993808972L, 189847475L, -1303462611L, 2001460099L, 
-225820727L, 1004397206L, 391158456L, -936398027L, 735439246L, 
841253712L, 384739866L, 1026953140L, 758915496L, -794030664L, 
986725413L, 881020745L, 952687329L, -2083599819L, -1748506064L, 
-1978792352L, -102988730L, -1281675616L, -930971578L, 72498201L, 
-1219948905L, -768749390L, 1786913212L, 80427620L, -437782811L, 
707083308L, 1294926491L, -268664773L, 1807870483L, -1232658515L, 
-1796334838L, 777736072L, -10069798L, -739078771L, -875276411L, 
55960340L, -1734678448L, -154522674L, -49098070L, 1795201978L, 
-1713952807L, 94767045L, 344495511L, 287655130L, 1273715039L, 
65426829L, -565533786L, 627260082L, -510938983L, 1433232521L, 
-1936338518L, -47167558L, 1611982841L, 1571003913L, 403074903L, 
223245245L, -1171760680L, 2070567913L, -1597728326L, 800087718L, 
217331803L, 1840597099L, -473438951L, -2071932326L, 1520462111L, 
360693827L, -132952533L, -46016895L, -1924653707L, 1522344383L, 
-1800031182L, -187827118L, 2096167772L, 878891335L, -327824378L, 
1856659667L, -2030345705L, -742567998L, 1961877363L, 209119927L, 
413728608L, -1364870487L, 1412459236L, 1135077874L, -1979659427L, 
-180257797L, 1143569409L, 1212113477L, -683204056L, -1630075730L, 
-1887442452L, -1749918863L, 1376259182L, 1412607543L, -1280742903L, 
1692797166L, -732472581L, -1676504834L, 810188249L, 1881787925L, 
101853799L, 1593897953L, 452268466L, 726544416L, -351683183L, 
-1505983367L, 510017137L, -1587883306L, 1262885792L, 1894841327L, 
874116292L, 846774198L, 901656674L, 1526720156L, -1692695118L, 
-1705352746L, -937760187L, -2089065877L, -948640158L, 2142281113L, 
-485653931L, -1956579522L, -786540411L, -1934079213L, -291713581L, 
983413384L, 1966824981L, -366754171L, 133661896L, -1051427773L, 
668253247L, 1798057485L, 1503054802L, 280477535L, 1553799767L, 
-1839248373L, -1136538578L, 1275068234L, -1578205428L, -986983264L, 
-1619701395L, -1554332482L, 1208774610L, -163310167L, 718643044L, 
-1952249163L, -1998002460L, -828655602L, 601248423L, 1045942478L, 
-593510368L, 2142677358L, -1067583193L, -363272381L, 983175871L, 
-247703031L, 467314227L, 172323738L, 1792691999L, 2129038440L, 
1857128107L, 1934718071L, 261594116L, -510093271L, 1810763861L, 
-269130257L, 1232902211L, -819251358L, -1913039613L, -2034125693L, 
-878760123L, -129263577L, 708238018L, 521699172L, -978943731L, 
1085557143L, 1544853455L, 896941201L, -1597029460L, 839664143L, 
1516981694L, -1873369254L, 981848379L, 1791370149L, -1393178850L, 
649194208L, -2099279066L, -808293088L, 2134712026L, -736843563L, 
1843621470L, 831633577L, 411654937L, 707200033L, 1904702916L, 
-1769046391L, -1468863629L, -1345590677L, 1076971015L, 97667928L, 
-2143780195L, -1124866053L, 393703295L, -1536830237L, 1372915738L, 
-83944621L, 332866955L, 392980796L, 129896609L, -1901747869L, 
562799204L, 348758646L, -1380017461L, -1757471459L, 458858424L, 
-1039059248L, -178737547L, 1306083008L, -2057286290L, 599587901L, 
-400361772L, 1528298861L, -1201021887L, 483483307L, 2011508807L, 
-542494357L, -310526102L, 49346011L, -1360114030L, 940707238L, 
1741267044L, 1507317431L, 1147897037L, 52193426L, -708732159L, 
-1820587178L, -788434996L, -1852705665L, -1373922163L, -522138219L, 
-1197187359L, -2028340110L, 740233244L, 1141132896L, -2135654675L, 
-1561839549L, -962836112L, -134796748L, 432645248L, 1380120662L, 
1120751275L, 1567881999L, -970985824L, -251791052L, 660343087L, 
-1991574600L, -1346655200L, 993767902L, 40704543L, 1848285670L, 
-951319218L, 1402693654L, 1137645052L, 1559899310L, 1692236559L, 
309518062L, 455599657L, 333580887L, 1288824539L, -1944516027L, 
-523097844L, 1251142575L, 1106462531L, -118248758L, 1330202493L, 
407673670L, -740925866L, 406685140L, -651982231L, -1210796456L, 
58915256L, 1110675260L, 1739335571L, 164254002L, -964522750L, 
-1226998317L, -752263894L, -736427503L, 1349570205L, 1499741922L, 
1681001093L, -1012485641L, 2038931124L, 200271326L, 2020636617L, 
1535241600L, 289073741L, -1642241768L, 20702746L, 931439510L, 
-1657201190L, 339859570L, 185369808L, -65762844L, -1096839098L, 
-836193342L, 1588775212L, 1491124404L, 394501641L, 1754668394L, 
